Acc mean,Acc std,New observation,Normality,Time
0.0,0.0,0.0,True,2004-02-19 11:26:53
0.0,0.0,1.0,False,2004-02-19 12:16:18
0.5,0.5,1.0,True,2004-02-19 12:48:29
0.6666666666666666,0.4714045207910317,1.0,True,2004-02-19 14:11:51
0.75,0.4330127018922193,1.0,True,2004-02-19 14:36:16
0.8,0.4000000000000001,1.0,True,2004-02-19 15:01:30
0.8333333333333334,0.372677996249965,1.0,True,2004-02-19 16:24:30
0.8571428571428571,0.3499271061118826,1.0,True,2004-02-19 16:56:35
0.875,0.33071891388307384,1.0,True,2004-02-19 17:41:38
0.8888888888888888,0.3142696805273545,0.8,True,2004-02-20 10:18:41
0.8800000000000001,0.2993325909419153,0.6666666666666666,True,2004-02-20 12:10:01
0.8606060606060606,0.2919174443343587,0.5714285714285714,True,2004-02-20 12:21:02
0.8365079365079365,0.2906929540769996,0.625,True,2004-02-20 12:35:28
0.8202380952380952,0.2849187642998103,0.6666666666666666,True,2004-02-20 12:43:34
0.8092687074829932,0.27738868145323053,0.6666666666666666,True,2004-02-20 13:12:00
0.7997619047619047,0.27033342140800637,0.6,True,2004-02-20 13:26:46
0.7872767857142857,0.26617817674261374,0.6363636363636364,True,2004-02-20 13:28:01
0.7783995416348358,0.26066072541656193,0.6666666666666666,True,2004-02-20 15:06:42
0.7721921596921597,0.25460633020932455,0.6666666666666666,True,2004-02-20 15:30:19
0.7666381863750285,0.2489333502845168,0.6923076923076923,True,2004-02-20 15:35:37
0.7629216616716616,0.24317043570554428,0.6923076923076923,True,2004-02-20 15:42:02
0.7595590917019488,0.23778602869376525,0.6428571428571429,True,2004-02-20 15:55:32
0.7542544576635485,0.2335872805549236,0.6666666666666666,True,2004-02-20 16:23:48
0.7504462928375971,0.22915007996486927,0.625,True,2004-02-20 17:22:15
0.745219363969364,0.22572157757023434,0.625,True,2004-02-20 17:25:48
0.7404105894105893,0.22241224081361696,0.6470588235294118,True,2004-02-20 17:50:41
0.736820136876698,0.21883076519592992,0.6111111111111112,True,2004-02-23 10:31:20
0.732164247033528,0.2160484316832016,0.6111111111111112,True,2004-02-23 11:10:59
0.7278409207505846,0.21334139977286762,0.6111111111111112,True,2004-02-23 11:26:02
0.7238157549009475,0.21071008613834014,0.6111111111111112,True,2004-02-23 12:04:11
0.7200589334412864,0.20815398123502835,0.631578947368421,True,2004-02-23 12:16:10
0.7172047403421616,0.20536502247097066,0.631578947368421,True,2004-02-23 12:22:13
0.7145289343117323,0.20267902769054824,0.631578947368421,True,2004-02-23 12:32:54
0.7120152983437531,0.2000903900863477,0.6,True,2004-02-23 13:08:10
0.7087207307454075,0.19803236543648184,0.6190476190476191,True,2004-02-23 13:09:42
0.7061586418397564,0.19575373160679427,0.6190476190476191,True,2004-02-23 13:19:16
0.7037388912066416,0.19354592217559186,0.5909090909090909,True,2004-02-23 14:59:07
0.7006894371445456,0.19178728068548717,0.5909090909090909,True,2004-02-23 15:24:40
0.6978004806646652,0.19006106580920024,0.5909090909090909,True,2004-02-23 15:29:21
0.6950596757991375,0.18836780256958421,0.5909090909090909,True,2004-02-23 16:19:12
0.6924559111768864,0.1867077190072411,0.5652173913043478,True,2004-02-23 16:36:50
0.6893525326434098,0.18545827649390156,0.5652173913043478,True,2004-02-23 17:09:08
0.6863969340400988,0.1842118542788976,0.5416666666666666,True,2004-02-23 17:19:46
0.6830311138686237,0.18335935101687478,0.52,True,2004-02-23 17:40:09
0.6793258612807004,0.1828849049179838,0.52,True,2004-02-24 11:20:02
0.6757852865855737,0.18236006608550545,0.5384615384615384,True,2004-02-24 12:27:21
0.6727999877133122,0.18147532926055115,0.5384615384615384,True,2004-02-24 12:31:14
0.6699417228356148,0.1805779386201674,0.5185185185185185,True,2004-02-24 13:41:15
0.6667870727456754,0.17999107151739618,0.5185185185185185,True,2004-02-24 13:47:09
0.6637611838838966,0.17937423197036081,0.5185185185185185,True,2004-02-24 13:59:40
0.6608563305765891,0.17873187532493887,0.5185185185185185,True,2004-02-24 14:06:48
0.6580653930852544,0.17806789626342878,0.5185185185185185,True,2004-02-24 14:30:09
0.6553817993435864,0.177385705496088,0.5357142857142857,True,2004-02-24 15:52:15
0.6531239217279392,0.17645705672270987,0.5517241379310345,True,2004-02-24 15:52:48
0.6512461479539224,0.1753492510868673,0.5666666666666667,True,2004-02-24 16:07:02
0.6497083392032451,0.17411495961271378,0.5483870967741935,True,2004-02-24 16:29:24
0.6478990313027262,0.17307428868915972,0.53125,True,2004-02-24 17:05:21
0.645852557069345,0.1722315864403057,0.53125,True,2004-02-24 17:57:15
0.643876650912977,0.17139082712700712,0.53125,True,2004-02-24 17:58:45
0.6419677246263163,0.17055289316606456,0.5454545454545454,True,2004-02-25 10:04:27
0.6403591716401202,0.16957636528827089,0.5454545454545454,True,2004-02-25 10:40:53
0.6388033580960945,0.16861187627266408,0.5294117647058824,True,2004-02-25 10:49:15
0.6370389775575426,0.16781332593176787,0.5294117647058824,True,2004-02-25 11:34:39
0.6353306090995798,0.16701872893495545,0.5142857142857142,True,2004-02-25 13:05:57
0.633439282618113,0.1663873515087199,0.5142857142857142,True,2004-02-25 14:18:25
0.6316061507976145,0.16575251227436974,0.5277777777777778,True,2004-02-25 14:37:00
0.6300329936306474,0.16498026460656415,0.5135135135135135,True,2004-02-25 14:49:15
0.6282938969124812,0.1643528393807428,0.5135135135135135,True,2004-02-25 14:56:22
0.6266059500977905,0.16372390374315188,0.5135135135135135,True,2004-02-25 15:25:02
0.6249669292777286,0.16309416107620395,0.5,True,2004-02-25 16:15:01
0.6231816874309039,0.16260264047429468,0.5128205128205128,True,2004-02-25 16:16:47
0.6216273046899125,0.16197640906309307,0.525,True,2004-02-25 17:58:48
0.6202852587914413,0.16124466017579225,0.5365853658536586,True,2004-02-25 17:59:51
0.6191386849155813,0.16043170421230996,0.5365853658536586,True,2004-02-26 10:47:07
0.6180230995228526,0.1596288419086558,0.5365853658536586,True,2004-02-26 11:34:24
0.61693726307393,0.1588359676697499,0.5476190476190477,True,2004-02-26 11:36:03
0.616025181291629,0.1579851191373186,0.5581395348837209,True,2004-02-26 12:22:10
0.6152734196499678,0.15709265484506224,0.5681818181818182,True,2004-02-26 12:32:38
0.6146696811696071,0.15617228560888743,0.5681818181818182,True,2004-02-26 12:43:14
0.6140812272077363,0.15526770769751852,0.5555555555555556,True,2004-02-26 13:38:36
0.6133496563120839,0.1544311845856445,0.5555555555555556,True,2004-02-26 14:13:20
0.6126361488953367,0.15360757212578968,0.5434782608695652,True,2004-02-26 14:19:03
0.6117927600169737,0.15285664692885703,0.5434782608695652,True,2004-02-26 14:25:42
0.6109696937621856,0.15211573404999168,0.5531914893617021,True,2004-02-26 14:37:31
0.6102818579955132,0.1513373672213977,0.5625,True,2004-02-26 14:56:24
0.6097197184896835,0.15053270655570516,0.5625,True,2004-02-26 15:17:56
0.6091706519956175,0.1497405474441358,0.5510204081632653,True,2004-02-26 15:56:39
0.608502258388349,0.14900646043269936,0.54,True,2004-02-26 16:16:19
0.6077238236339361,0.14833522123872755,0.54,True,2004-02-26 16:59:00
0.6069628817953524,0.14767215107477852,0.54,True,2004-02-26 17:13:49
0.6062188497754041,0.14701711612680346,0.54,True,2004-02-27 10:05:36
0.6054911701075425,0.14636998390112982,0.54,True,2004-02-27 10:18:54
0.6047793095628953,0.1457306233603176,0.54,True,2004-02-27 11:25:33
0.6040827578471653,0.14509890503825706,0.52,True,2004-02-27 11:40:26
0.6031882604232592,0.1445826008845883,0.52,True,2004-02-27 12:12:19
0.602312594524067,0.14406999463101933,0.52,True,2004-02-27 13:33:51
0.6014551716644414,0.14356111884585906,0.52,True,2004-02-27 14:39:28
0.6006154276266636,0.14305599972451563,0.5,True,2004-02-27 14:40:06
0.5995887395896569,0.14268300143908044,0.5,True,2004-02-27 14:59:12
0.5985827927251149,0.14230940641411566,0.52,True,2004-02-27 14:59:12
0.5977969647978638,0.1418117855116143,0.52,True,2004-02-27 15:19:36
0.5970266978196672,0.14131807723516965,0.54,True,2004-02-27 15:38:01
0.5964676125469254,0.14073584126797564,0.54,True,2004-02-27 15:39:25
0.5959193832988969,0.14016039666972394,0.54,True,2004-02-27 16:01:39
0.5953816969210227,0.13959162279881698,0.52,True,2004-02-27 16:06:48
0.5946637759979654,0.13911809585201196,0.52,True,2004-02-27 16:20:25
0.5939594007527016,0.13864831886818213,0.52,True,2004-02-27 17:13:35
0.5932681913998726,0.13818227979153538,0.52,True,2004-02-27 17:59:47
0.5925897822202443,0.1377199642603676,0.52,True,2004-03-01 11:07:38
0.5919238209154714,0.13726135582544874,0.52,True,2004-03-01 11:18:37
0.591269967998058,0.13680643615064159,0.52,True,2004-03-01 11:20:56
0.5906278962142916,0.1363551851972414,0.52,True,2004-03-01 11:46:50
0.5899972899980925,0.13590758139339257,0.52,True,2004-03-01 12:16:32
0.5893778449538616,0.13546360178981498,0.52,True,2004-03-01 13:21:57
0.588769267366547,0.13502322220296775,0.52,True,2004-03-01 13:38:46
0.5881712737372726,0.1345864173466758,0.5,True,2004-03-01 14:07:20
0.5874111765498824,0.13425272373175595,0.5,True,2004-03-01 14:17:22
0.5866640724768064,0.1339197199482682,0.5,True,2004-03-01 14:20:34
0.5859296311846302,0.13358747862433776,0.5,True,2004-03-01 15:51:07
0.5852075334435828,0.1332560672766135,0.5,True,2004-03-01 16:05:37
0.5844974706648863,0.13292554863265466,0.52,True,2004-03-01 16:19:22
0.5839644337172427,0.13250385061307496,0.5,True,2004-03-01 16:32:11
0.5832762006539866,0.13217666892943622,0.5,True,2004-03-02 10:07:36
0.5825991583722469,0.1318505098577424,0.52,True,2004-03-02 11:30:34
0.58209432644989,0.13143708041499733,0.52,True,2004-03-02 11:32:49
0.5815975718382909,0.13102709390438413,0.52,True,2004-03-02 11:37:59
0.5811087022205266,0.13062051434702684,0.54,True,2004-03-02 13:09:59
0.580785011651861,0.13015596893583684,0.54,True,2004-03-02 13:17:36
0.5804663787483311,0.12969626793949104,0.54,True,2004-03-02 13:37:36
0.5801526858898168,0.1292413294357206,0.52,True,2004-03-02 13:41:35
0.5796899729214335,0.12885050823511665,0.52,True,2004-03-02 13:44:32
0.5792343242731783,0.12846286321806794,0.52,True,2004-03-02 13:46:08
0.578785579392321,0.12807836056381772,0.52,True,2004-03-02 14:14:54
0.5783435825547848,0.12769696659766847,0.52,True,2004-03-02 14:43:06
0.577908182684973,0.12731864781297322,0.52,True,2004-03-02 14:48:37
0.5774792331836027,0.12694337089104799,0.52,True,2004-03-02 14:50:58
0.577056591763135,0.12657110271916588,0.52,True,2004-03-02 16:11:11
0.5766401202904115,0.12620181040678116,0.52,True,2004-03-02 17:23:18
0.5762296846361331,0.1258354613001195,0.52,True,2004-03-02 17:26:07
0.5758251545308372,0.12547202299526122,0.52,True,2004-03-02 17:29:23
0.5754264034270454,0.12511146334983372,0.54,True,2004-03-03 11:08:11
0.5751751523389105,0.12470245681554734,0.54,True,2004-03-03 11:11:04
0.5749274399984956,0.12429739620218422,0.54,True,2004-03-03 11:24:11
0.5746831921663382,0.12389621922835757,0.54,True,2004-03-03 11:24:54
0.5744423366651831,0.12349886495963552,0.54,True,2004-03-03 13:03:00
0.5742048033088715,0.12310527377204199,0.54,True,2004-03-03 13:52:43
0.5739705238341531,0.12271538731672811,0.54,True,2004-03-03 14:58:15
0.5737394318352814,0.12232914848577134,0.54,True,2004-03-03 15:06:09
0.5735114627012592,0.12194650137906153,0.52,True,2004-03-03 15:10:44
0.5731523253676938,0.12161510249479847,0.52,True,2004-03-03 16:09:07
0.5727979765319091,0.12128619254462042,0.5,True,2004-03-03 16:37:18
0.572315870727062,0.12102803365133154,0.5,True,2004-03-03 16:42:43
0.571840108419647,0.1207708439116798,0.5,True,2004-03-03 17:33:43
0.5713705652273617,0.12051463647428867,0.5,True,2004-03-04 10:11:06
0.5709071199986127,0.12025942344279049,0.5,True,2004-03-04 11:05:50
0.570449654708299,0.12000521593089702,0.5,True,2004-03-04 11:07:50
0.5699980543576049,0.1197520241145254,0.5,True,2004-03-04 11:25:37
0.5695522068776201,0.11949985728114887,0.5,True,2004-03-04 11:27:42
0.5691120030366225,0.11924872387653251,0.5,True,2004-03-04 11:35:00
0.5686773363508576,0.11899863154900246,0.5,True,2004-03-04 12:10:58
0.5682481029986649,0.1187495871913891,0.5,True,2004-03-04 13:50:30
0.5678242017378036,0.11850159698077548,0.5,True,2004-03-04 14:23:15
0.5674055338258419,0.1182546664161742,0.5,True,2004-03-04 14:47:02
0.5669920029434747,0.11800880035424859,0.5,True,2004-03-04 15:11:56
0.5665835151206486,0.1177640030431864,0.5,True,2004-03-04 16:17:53
0.5661799786653721,0.11752027815482868,0.5,True,2004-03-04 16:38:28
0.5657813040950986,0.11727762881514957,0.5,True,2004-03-04 17:11:51
0.5653874040705771,0.11703605763317683,0.48,True,2004-03-04 17:26:33
0.5648791457130141,0.11687192540460545,0.48,True,2004-03-04 17:27:53
0.5643769022472566,0.11670733452782472,0.5,True,2004-03-04 17:55:51
0.5639982145869786,0.11646766108622057,0.5,True,2004-03-04 17:56:19
0.5636239560221424,0.11622909302038799,0.5,True,2004-03-05 10:36:08
0.5632540493010835,0.11599163025772836,0.5,True,2004-03-05 10:41:26
0.5628884189583027,0.1157552723678863,0.5,True,2004-03-05 10:50:11
0.56252699126314,0.11552001858237691,0.5,True,2004-03-05 11:05:53
0.5621696941702078,0.11528586781322986,0.5,True,2004-03-05 11:41:42
0.5618164572715135,0.11505281867070187,0.5,True,2004-03-05 12:08:58
0.5614672117502055,0.11482086948010653,0.5,True,2004-03-05 14:13:25
0.5611218903358786,0.11459001829780684,0.5,True,2004-03-05 14:50:55
0.5607804272613764,0.11436026292641456,0.5,True,2004-03-05 15:25:35
0.5604427582210354,0.11413160092923655,0.5,True,2004-03-05 15:45:12
0.5601088203303115,0.11390402964400742,0.5,True,2004-03-05 15:49:53
0.5597785520867383,0.11367754619594443,0.5,True,2004-03-05 16:08:49
0.5594518933321659,0.11345214751015972,0.5,True,2004-03-05 16:12:15
0.5591287852162303,0.11322783032346206,0.5,True,2004-03-05 17:11:12
0.5588091701610074,0.1130045911955793,0.48,True,2004-03-05 17:39:15
0.558385464945088,0.11284765768651246,0.48,True,2004-03-05 17:42:47
0.557966291335756,0.1126906199501527,0.48,True,2004-03-05 17:49:24
0.5575515770201402,0.11253350064029878,0.48,True,2004-03-08 11:11:39
0.5571412512158008,0.11237632152257881,0.48,True,2004-03-08 11:33:56
0.5567352446304545,0.1122191035088791,0.48,True,2004-03-08 11:40:15
0.5563334894229652,0.11206186669030992,0.46,True,2004-03-08 11:48:30
0.5558317524988874,0.11198454698649746,0.46,True,2004-03-08 12:06:09
0.5553352149211729,0.11190576122645572,0.46,True,2004-03-08 14:49:01
0.5548437962875586,0.11182556226837495,0.46,True,2004-03-08 14:54:07
0.5543574178450584,0.11174400122221047,0.48,True,2004-03-08 15:31:59
0.5539780432642162,0.11158440497655515,0.46,True,2004-03-08 15:39:33
0.5535009973593218,0.11150103251971379,0.44,False,2004-03-08 15:41:27
0.5529277599989211,0.1115097500656876,0.46,True,2004-03-08 17:13:03
0.5524607863305848,0.1114231419758077,0.46,True,2004-03-08 17:40:10
0.5519984823989319,0.11133540427483668,0.46,True,2004-03-08 17:46:38
0.5542984823989319,0.10444658551626394,0.48,True,2004-03-08 17:53:33
0.5516984823989318,0.09968290392279251,0.5,True,2004-03-08 17:54:09
0.5491984823989319,0.0945458817002377,0.5,True,2004-03-09 10:01:12
0.5466984823989318,0.08904305789038244,0.5,True,2004-03-09 10:38:29
0.5441984823989319,0.08310179643343854,0.48,True,2004-03-09 10:53:43
0.5415984823989318,0.07668755230765359,0.48,True,2004-03-09 12:02:44
0.5389984823989319,0.06958830927256064,0.48,True,2004-03-09 12:40:42
0.5363984823989318,0.06156756366698293,0.48,True,2004-03-09 13:19:17
0.5337984823989318,0.05220227010736642,0.48,False,2004-03-09 13:35:21
0.5321984823989319,0.048812622835072324,0.48,False,2004-03-09 13:49:21
0.5312651490655985,0.04801058197783447,0.48,False,2004-03-09 14:21:48
0.5308080062084557,0.04806123258222352,0.48,False,2004-03-09 14:45:18
0.5300830062084557,0.04772738272024609,0.48,False,2004-03-09 15:11:50
0.5291496728751224,0.046864677596749726,0.5,True,2004-03-09 15:25:31
0.528316339541789,0.04588352058243969,0.52,True,2004-03-09 16:44:32
0.527916339541789,0.04560472050865565,0.52,True,2004-03-09 16:45:48
0.5273345213599708,0.04495510295277699,0.5,True,2004-03-10 10:14:24
0.5265011880266375,0.0438968732800116,0.5,True,2004-03-10 10:40:21
0.5256678546933042,0.04279627083215459,0.5,True,2004-03-10 10:57:51
0.5247063162317658,0.04117093947614194,0.5,True,2004-03-10 12:19:07
0.5237447777702272,0.03945532416710227,0.5,True,2004-03-10 12:21:32
0.5230304920559415,0.038575804538898285,0.5,True,2004-03-10 12:23:27
0.5221971587226082,0.03724101926527417,0.52,True,2004-03-10 12:52:33
0.5216721587226082,0.03652122543912321,0.52,True,2004-03-10 13:38:17
0.5211471587226082,0.03577925445330016,0.52,True,2004-03-10 13:46:27
0.5205118646049611,0.03464807777946205,0.54,True,2004-03-10 14:23:45
0.5201563090494056,0.03407668842224889,0.54,True,2004-03-10 14:59:40
0.51980075349385,0.033491778906714384,0.54,True,2004-03-10 15:52:58
0.5194451979382945,0.032892627978610534,0.54,True,2004-03-10 16:05:10
0.5190896423827389,0.03227844260239539,0.54,True,2004-03-10 17:51:45
0.5186317476458968,0.0313146161695095,0.54,True,2004-03-11 10:09:08
0.5181738529090547,0.030313250892492913,0.56,False,2004-03-11 10:59:48
0.5178159581722126,0.029380412636384825,0.56,False,2004-03-11 11:07:30
0.5176159581722126,0.028953325024133694,0.58,False,2004-03-11 11:39:44
0.5174207200769745,0.02839496163535764,0.58,False,2004-03-11 11:40:00
0.5172254819817363,0.027824026070395958,0.6,False,2004-03-11 11:43:45
0.5172709365271909,0.027951495374905332,0.58,False,2004-03-11 12:09:24
0.5172163910726454,0.027818067988337334,0.58,False,2004-03-11 12:13:17
0.5171618456181001,0.027683890064456974,0.6,False,2004-03-11 13:40:07
0.5172073001635545,0.027812105658367302,0.62,False,2004-03-11 14:21:20
0.5174812132070329,0.028543739142557877,0.62,False,2004-03-11 14:36:43
0.5177551262505111,0.029254517781255932,0.62,False,2004-03-11 15:09:38
0.5181467929171778,0.030084625143932224,0.62,False,2004-03-11 15:34:25
0.5186467929171777,0.030930371435431248,0.62,False,2004-03-11 16:15:16
0.5191467929171778,0.031745725447949104,0.62,False,2004-03-11 16:29:19
0.51955448522487,0.032505636759123,0.64,False,2004-03-11 16:54:20
0.5200621775325623,0.03357241272940503,0.64,False,2004-03-11 17:09:28
0.5206695849399697,0.034621545958988295,0.64,False,2004-03-11 17:34:17
0.5212769923473772,0.03562945558368824,0.64,False,2004-03-11 17:36:35
0.5218843997547846,0.036599547514587404,0.66,False,2004-03-12 10:14:21
0.522591807162192,0.03787280557874586,0.64,False,2004-03-12 10:28:47
0.5231992145695995,0.038766234263495805,0.66,False,2004-03-12 10:39:25
0.5238206431410279,0.03994025394193104,0.66,False,2004-03-12 11:33:41
0.5243620224513728,0.04103366732883384,0.68,False,2004-03-12 12:26:15
0.5249286891180395,0.04237461774468906,0.68,False,2004-03-12 13:26:13
0.5255867536341685,0.04373395995042714,0.68,False,2004-03-12 13:36:34
0.5263305036341684,0.04506842553664638,0.68,False,2004-03-12 14:35:34
0.5270742536341685,0.046352566052311646,0.7,False,2004-03-12 15:07:02
0.5279180036341685,0.04792992645585589,0.68,False,2004-03-12 15:19:27
0.5285907309068958,0.049101245449359815,0.68,False,2004-03-12 16:09:23
0.529263458179623,0.05023625817401073,0.66,False,2004-03-12 16:11:29
0.5299163993560937,0.05107558526348529,0.66,False,2004-03-12 16:23:16
0.5305693405325642,0.051893125944862784,0.66,False,2004-03-12 17:43:44
0.5312979119611356,0.05267638369929167,0.68,False,2004-03-12 17:56:29
0.5321264833897071,0.05369571071891692,0.68,False,2004-03-15 10:33:50
0.5328875945008182,0.05469815707916611,0.66,False,2004-03-15 10:38:16
0.5336200269332507,0.05540995374188179,0.66,False,2004-03-15 10:49:50
0.5343524593656831,0.05610316073949552,0.66,False,2004-03-15 11:06:11
0.5350848917981155,0.05677845895856726,0.66,False,2004-03-15 11:28:35
0.5358848917981155,0.057402243639362395,0.66,False,2004-03-15 12:18:00
0.5366207892340129,0.05804170054648878,0.68,False,2004-03-15 12:49:18
0.537395789234013,0.05890968641926008,0.66,False,2004-03-15 13:12:38
0.5380128624047447,0.059540961138320525,0.66,False,2004-03-15 13:36:09
0.5386299355754764,0.06015928352248188,0.66,False,2004-03-15 14:26:51
0.539247008746208,0.060765048967359944,0.68,False,2004-03-15 14:33:33
0.5399089135081128,0.06156833297769096,0.68,False,2004-03-15 15:41:44
0.5405182158336942,0.06234383819690244,0.66,False,2004-03-15 16:31:25
0.5409773067427851,0.06288160705581708,0.66,False,2004-03-15 16:40:15
0.5414363976518761,0.06341149203257401,0.66,False,2004-03-15 16:47:02
0.5419586198740983,0.06395337748436035,0.66,False,2004-03-15 16:55:12
0.5424808420963205,0.06448648098181678,0.66,False,2004-03-15 17:35:55
0.5430634507919727,0.06501704072531195,0.66,False,2004-03-15 17:47:04
0.5436460594876249,0.06553812687398859,0.66,False,2004-03-16 10:07:47
0.5441801020408163,0.06604692645315746,0.68,False,2004-03-16 10:37:43
0.5447676020408163,0.06672637010778294,0.68,False,2004-03-16 11:20:00
0.5453551020408163,0.06739384340659664,0.68,False,2004-03-16 12:12:42
0.5459999999999999,0.06805879810869422,0.68,False,2004-03-16 12:38:45
0.5467,0.06871033401170454,0.68,False,2004-03-16 12:54:44
0.5474,0.06934868419804376,0.66,False,2004-03-16 13:33:38
0.5479999999999999,0.0697997134664606,0.66,False,2004-03-16 15:34:08
0.5486,0.0702427220429277,0.66,False,2004-03-16 15:42:00
0.5492,0.07067786074861068,0.66,False,2004-03-16 15:43:29
0.5498000000000001,0.07110527406599318,0.66,False,2004-03-17 12:49:17
0.5505,0.07149650341100607,0.66,False,2004-03-17 13:16:39
0.5512,0.07187878685676326,0.66,False,2004-03-17 14:09:48
0.5519,0.07225226640043897,0.66,False,2004-03-17 15:25:54
0.5526000000000001,0.07261707788117064,0.66,False,2004-03-17 15:31:41
0.5534,0.0729139218531002,0.66,False,2004-03-17 15:35:05
0.5542,0.073200819667542,0.66,False,2004-03-17 16:16:23
0.5549000000000001,0.07353903725233288,0.66,False,2004-03-17 16:24:09
0.5556,0.07386907336632835,0.66,False,2004-03-17 17:02:56
0.5562,0.07422641039414477,0.66,False,2004-03-18 10:33:35
0.5568000000000001,0.07457720831460508,0.68,False,2004-03-18 12:06:09
0.5575000000000001,0.07507163245860583,0.66,False,2004-03-18 13:39:46
0.5581999999999999,0.0753708166334955,0.64,False,2004-03-18 13:53:34
0.5588000000000001,0.07554177652133952,0.64,False,2004-03-18 14:22:37
0.5594,0.0757075953917439,0.62,True,2004-03-18 14:26:54
0.5599000000000001,0.07577591965789661,0.62,True,2004-03-18 14:35:22
0.5604,0.07584088607077322,0.62,True,2004-03-18 14:42:39
0.5609000000000001,0.07590250325252786,0.6,True,2004-03-18 15:29:26
0.5612999999999999,0.07589670612088513,0.6,True,2004-03-18 15:44:24
0.5617,0.07588880022770159,0.58,True,2004-03-18 16:20:55
0.562,0.07584194090343417,0.58,True,2004-03-18 16:38:09
0.5623,0.0757938651870981,0.56,True,2004-03-18 16:51:27
0.5625,0.0757347344353963,0.54,True,2004-03-18 16:56:19
0.5627,0.07562215283896646,0.54,True,2004-03-18 17:46:11
0.5629000000000001,0.07550887365071739,0.54,True,2004-03-21 10:06:47
0.5630999999999999,0.07539489372629955,0.54,True,2004-03-21 10:11:53
0.5633000000000001,0.07528020988281052,0.54,True,2004-03-21 10:12:01
0.5635,0.07516481889820531,0.54,True,2004-03-21 10:56:37
0.5636,0.07512017039384296,0.54,True,2004-03-21 11:55:34
0.5638,0.07500373324041945,0.52,True,2004-03-21 11:57:49
0.5639000000000001,0.07493190241812897,0.52,True,2004-03-21 12:04:14
0.5639,0.07493190241812897,0.52,True,2004-03-21 12:08:01
0.5639,0.07493190241812897,0.52,True,2004-03-21 14:17:35
0.5639000000000001,0.07493190241812897,0.52,True,2004-03-21 14:19:28
0.5638,0.07497706315934227,0.52,True,2004-03-21 14:55:50
0.5637,0.07502206342136959,0.52,True,2004-03-21 14:56:24
0.5636,0.07506690349281768,0.52,True,2004-03-21 15:06:19
0.5636,0.07506690349281768,0.52,True,2004-03-21 16:02:46
0.5636000000000001,0.07506690349281768,0.52,True,2004-03-21 16:49:06
0.5636,0.07506690349281768,0.5,True,2004-03-21 17:13:07
0.5635000000000001,0.07513820599402145,0.5,True,2004-03-21 17:20:06
0.5634,0.07520930793459013,0.5,True,2004-03-21 17:53:17
0.5633,0.07528020988281052,0.5,True,2004-03-22 10:25:41
0.5632,0.07535091240323506,0.5,True,2004-03-22 11:13:47
0.5631,0.07542141605671429,0.5,True,2004-03-22 11:30:22
0.563,0.07549172140042908,0.48,False,2004-03-22 11:49:01
0.5628,0.0756581786722361,0.48,False,2004-03-22 11:55:13
0.5626000000000001,0.07582374298331626,0.48,False,2004-03-22 13:11:10
0.5623,0.07603098052767701,0.48,False,2004-03-22 14:07:12
0.562,0.07623647421018367,0.46,False,2004-03-22 14:28:16
0.5616,0.07656004179727179,0.46,False,2004-03-22 14:35:13
0.5612,0.07688016649305593,0.46,False,2004-03-22 15:16:55
0.5608000000000001,0.0771968911291122,0.46,False,2004-03-22 15:35:21
0.5604,0.07751025738571639,0.48,False,2004-03-22 15:44:04
0.5601,0.07770450437394219,0.46,False,2004-03-22 16:33:44
0.5597,0.07801224262896178,0.48,False,2004-03-22 17:24:57
0.5595,0.07816488981633635,0.48,False,2004-03-23 10:39:34
0.5593,0.07831672873658604,0.48,False,2004-03-23 12:05:22
0.5592,0.07840510187481425,0.48,False,2004-03-23 12:33:24
0.5591,0.0784932481172744,0.46,False,2004-03-23 12:35:00
0.5589,0.07869428187613126,0.46,False,2004-03-23 12:47:44
0.5587000000000001,0.07889429637179105,0.46,False,2004-03-23 13:06:48
0.5585,0.07909329933692236,0.46,False,2004-03-23 13:14:12
0.5583,0.07929129838765413,0.46,False,2004-03-23 13:31:04
0.5581,0.07948830102600006,0.46,False,2004-03-23 13:44:17
0.5579000000000001,0.07968431464221802,0.46,False,2004-03-23 13:50:56
0.5577,0.07987934651710668,0.44,False,2004-03-23 13:58:16
0.5574,0.08020748094785175,0.44,False,2004-03-23 14:25:54
0.5571,0.08053316087178003,0.46,False,2004-03-23 14:50:32
0.5569,0.08072415995227204,0.48,True,2004-03-23 15:23:57
0.5568000000000001,0.08080693039585159,0.48,True,2004-03-23 15:59:04
0.5567,0.08088949251911524,0.48,True,2004-03-23 17:49:31
0.5566,0.08097184695929815,0.46,False,2004-03-23 17:59:02
0.5564,0.08116058156519088,0.46,False,2004-03-24 10:47:14
0.5562,0.08134838658510692,0.46,False,2004-03-24 11:17:02
0.5561,0.08145422027126649,0.46,False,2004-03-24 11:34:34
0.5559999999999999,0.08155979401641475,0.48,True,2004-03-24 12:31:33
0.5559000000000001,0.0816406148923439,0.48,True,2004-03-24 13:08:16
0.5558,0.0817212334708673,0.5,True,2004-03-24 13:40:11
0.5558,0.08172123347086731,0.5,True,2004-03-24 13:52:00
0.5558,0.0817212334708673,0.5,True,2004-03-24 14:20:51
0.5558,0.0817212334708673,0.5,True,2004-03-24 14:32:08
0.5558,0.0817212334708673,0.5,True,2004-03-24 15:23:31
0.5558,0.0817212334708673,0.5,True,2004-03-24 15:37:14
0.5558,0.08172123347086731,0.5,True,2004-03-24 15:39:53
0.5558,0.08172123347086731,0.5,True,2004-03-24 16:39:58
0.5558,0.08172123347086731,0.5,True,2004-03-24 16:44:08
0.5558,0.08172123347086731,0.5,True,2004-03-24 17:45:03
0.5558,0.0817212334708673,0.48,True,2004-03-25 10:13:05
0.5557,0.08180165035009992,0.48,True,2004-03-25 10:32:54
0.5556,0.08188186612431352,0.48,True,2004-03-25 10:36:05
0.5555,0.0819618813839702,0.48,True,2004-03-25 10:37:37
0.5554,0.08204169671575548,0.5,True,2004-03-25 10:48:37
0.5555,0.0819618813839702,0.48,True,2004-03-25 11:29:09
0.5555,0.0819618813839702,0.48,True,2004-03-25 11:48:45
0.5555,0.0819618813839702,0.48,True,2004-03-25 12:06:49
0.5555,0.0819618813839702,0.5,True,2004-03-25 12:19:20
0.5556,0.08188186612431352,0.5,True,2004-03-25 13:09:48
0.5557,0.08180165035009992,0.5,True,2004-03-25 15:09:54
0.5559000000000001,0.0816161136050964,0.5,True,2004-03-25 15:27:11
0.5561,0.08142966289995313,0.5,True,2004-03-25 15:47:47
0.5562999999999999,0.08124229194206674,0.5,True,2004-03-25 16:36:12
0.5565,0.08105399434944587,0.5,True,2004-03-25 16:39:23
0.5566,0.08097184695929815,0.52,True,2004-03-28 10:25:44
0.5569,0.08072415995227204,0.52,True,2004-03-28 10:46:21
0.5573,0.08034120984899346,0.52,True,2004-03-28 11:19:24
0.5576000000000001,0.08008895054874925,0.52,True,2004-03-28 11:20:48
0.5579,0.07983476686256434,0.54,True,2004-03-28 11:25:33
0.5583,0.07954313295313431,0.54,True,2004-03-28 11:30:54
0.5586000000000001,0.07936019153202695,0.56,True,2004-03-28 11:47:59
0.5589,0.07925143531823257,0.56,True,2004-03-28 12:03:12
0.5592,0.07914139245679218,0.56,True,2004-03-28 13:09:29
0.5595,0.07903005757305255,0.56,True,2004-03-28 13:19:34
0.5599000000000001,0.07882886527154886,0.56,True,2004-03-28 13:25:41
0.5603,0.0786251232113502,0.56,True,2004-03-28 13:50:31
0.5607,0.07841881151866562,0.56,True,2004-03-28 14:58:57
0.5611,0.07820990985802247,0.56,True,2004-03-28 15:42:49
0.5615000000000001,0.07799839741943422,0.58,True,2004-03-28 16:21:08
0.562,0.07779460135510691,0.58,True,2004-03-28 16:45:49
0.5625,0.07758704788816237,0.58,True,2004-03-28 17:21:16
0.5630000000000002,0.07737570678190928,0.6,True,2004-03-28 17:21:28
0.5636,0.0771948184789627,0.6,True,2004-03-28 17:43:35
0.5641,0.07710505819983537,0.6,True,2004-03-29 10:48:56
0.5645,0.07708274774552346,0.62,True,2004-03-29 10:49:34
0.565,0.07711679453919232,0.6,True,2004-03-29 11:47:09
0.5655,0.07701785507270377,0.6,True,2004-03-29 12:51:01
0.5660000000000001,0.07691553809211765,0.58,True,2004-03-29 14:38:31
0.5664,0.07677916384019821,0.58,True,2004-03-29 14:40:44
0.5668000000000001,0.07664045928881169,0.56,True,2004-03-29 15:40:46
0.5671,0.07649568615288055,0.56,True,2004-03-29 16:05:12
0.5674,0.07634945972303932,0.56,True,2004-03-29 16:17:18
0.5676000000000001,0.07627738852372963,0.58,True,2004-03-29 16:36:59
0.5679000000000001,0.07620754555816636,0.58,True,2004-03-29 17:05:54
0.5682,0.07613645644499094,0.58,True,2004-03-29 17:07:48
0.5684,0.07611465036377689,0.58,True,2004-03-29 17:53:47
0.5686,0.07609231235808255,0.58,True,2004-03-30 10:32:35
0.5688000000000001,0.07606944195930453,0.58,True,2004-03-30 11:05:07
0.5690000000000001,0.07604603868710061,0.58,True,2004-03-30 11:17:53
0.5692,0.07602210204933828,0.58,True,2004-03-30 12:21:18
0.5694,0.07599763154204216,0.6,True,2004-03-30 12:49:18
0.5696,0.0760252589604271,0.6,True,2004-03-30 13:29:24
0.5698000000000001,0.07605235039103,0.58,True,2004-03-30 13:54:58
0.5698000000000001,0.07605235039103,0.58,True,2004-03-30 14:24:45
0.5698000000000001,0.07605235039103,0.58,True,2004-03-30 14:36:43
0.5697,0.07602571933234174,0.58,True,2004-03-30 14:39:54
0.5697,0.07602571933234174,0.58,True,2004-03-30 15:21:18
0.5697,0.07602571933234174,0.58,True,2004-03-30 16:56:06
0.5696,0.07599894736113126,0.58,True,2004-03-30 17:56:21
0.5694,0.07591864066222473,0.58,True,2004-03-31 10:17:25
0.5692,0.07583772148475981,0.58,True,2004-03-31 10:19:03
0.5690000000000001,0.07575618786607469,0.6,True,2004-03-31 10:21:51
0.5689,0.07570198148001148,0.62,True,2004-03-31 10:29:21
0.5689,0.07570198148001148,0.62,True,2004-03-31 11:32:21
0.5689,0.07570198148001148,0.62,True,2004-03-31 11:52:37
0.5688,0.07562116105958702,0.64,True,2004-03-31 12:37:33
0.5688,0.07562116105958702,0.64,True,2004-03-31 13:07:41
0.5688,0.07562116105958702,0.62,True,2004-03-31 13:41:45
0.5687,0.07554012178968207,0.62,True,2004-03-31 13:48:21
0.5685,0.07535084604700866,0.64,True,2004-03-31 13:52:31
0.5684999999999999,0.07535084604700866,0.64,True,2004-03-31 14:15:14
0.5684,0.07524254115857598,0.64,True,2004-03-31 14:29:53
0.5683,0.07513394705457714,0.64,True,2004-03-31 14:40:39
0.5681,0.07488918479994293,0.64,True,2004-03-31 15:22:16
0.5679,0.07464308407347596,0.62,True,2004-03-31 15:31:12
0.5676000000000001,0.07431177564827798,0.6,True,2004-03-31 17:32:05
0.5672,0.07391995670994404,0.6,True,2004-03-31 17:41:07
0.5667,0.07335604951195233,0.6,True,2004-03-31 17:42:56
0.5662999999999999,0.07295416369200597,0.6,True,2004-03-31 17:51:07
0.5659,0.07254784628092002,0.6,True,2004-03-31 17:51:23
0.5656,0.0722816712590405,0.6,True,2004-04-01 10:39:53
0.5653,0.0720132626673726,0.6,True,2004-04-01 11:16:46
0.565,0.07174259543674177,0.6,True,2004-04-01 11:22:43
0.5646,0.07132208634076825,0.6,True,2004-04-01 11:27:17
0.5641999999999999,0.0708968264451943,0.6,True,2004-04-01 12:45:30
0.5639,0.07061720753470786,0.62,True,2004-04-01 13:17:09
0.5637,0.07040106533284848,0.62,True,2004-04-01 13:24:12
0.5635,0.07018368756342175,0.6,True,2004-04-01 15:27:53
0.5631999999999999,0.0698982117081689,0.6,True,2004-04-01 15:52:16
0.5629,0.06961027223046898,0.62,True,2004-04-01 16:34:03
0.5626,0.06923322901613069,0.62,True,2004-04-01 16:54:38
0.5623999999999999,0.06900898492225487,0.6,True,2004-04-01 17:10:03
0.5620999999999999,0.06871382684729471,0.6,True,2004-04-01 17:14:02
0.5618,0.06841607998124419,0.6,True,2004-04-01 17:45:55
0.5614,0.06795616234014397,0.58,True,2004-04-01 17:59:52
0.5609,0.06744768342945516,0.58,True,2004-04-04 11:24:29
0.5605,0.06709508178696856,0.58,True,2004-04-04 11:59:02
0.5600999999999999,0.06673821993430752,0.58,True,2004-04-04 12:10:32
0.5597,0.0663770291591903,0.58,True,2004-04-04 12:40:24
0.5593,0.06601143840274956,0.56,True,2004-04-04 13:39:29
0.5588,0.06562438571141066,0.56,True,2004-04-04 14:05:05
0.5583,0.06523120418940616,0.56,True,2004-04-04 14:06:40
0.5578,0.06483178232934832,0.54,True,2004-04-04 14:25:46
0.5571,0.06426188606009008,0.52,True,2004-04-04 14:32:34
0.5562999999999999,0.06372056183054259,0.5,True,2004-04-04 14:39:09
0.5554,0.0632363819331878,0.5,True,2004-04-04 14:50:11
0.5545,0.06273555610656528,0.5,True,2004-04-04 15:00:02
0.5535999999999999,0.06221768237406469,0.5,True,2004-04-04 15:54:50
0.5528,0.06187212619588888,0.5,True,2004-04-04 16:53:06
0.552,0.061514225996918796,0.5,True,2004-04-04 16:55:31
0.5512,0.061143765013286513,0.5,True,2004-04-05 10:53:17
0.5504,0.060760513493551056,0.5,True,2004-04-05 10:58:52
0.5496,0.06036422781747481,0.5,True,2004-04-05 11:27:54
0.5488,0.05995464952778892,0.5,True,2004-04-05 11:37:56
0.5479999999999999,0.05953150426454886,0.52,True,2004-04-05 11:45:37
0.5473,0.05903143230517111,0.52,True,2004-04-05 11:52:28
0.5466000000000001,0.058518714955132084,0.52,True,2004-04-05 12:07:30
0.5458999999999999,0.0579930168209932,0.54,True,2004-04-05 13:19:44
0.5453,0.057427432469160586,0.54,True,2004-04-05 13:26:34
0.5447,0.05684989006145921,0.54,True,2004-04-05 14:27:10
0.5440999999999999,0.05626002132953736,0.54,True,2004-04-05 14:40:46
0.5435,0.055657434364153005,0.54,True,2004-04-05 15:15:09
0.5428000000000001,0.05481021802547404,0.56,True,2004-04-05 15:45:04
0.5423,0.05419141998508619,0.58,True,2004-04-05 16:00:02
0.542,0.05381449618829483,0.58,True,2004-04-05 16:41:35
0.5417000000000001,0.053433229361512485,0.6,False,2004-04-05 16:52:58
0.5416,0.053305159224975585,0.6,False,2004-04-05 16:55:22
0.5415,0.05317659259486263,0.6,False,2004-04-05 17:00:05
0.5414,0.05304752586125012,0.6,False,2004-04-05 17:31:53
0.5414,0.05304752586125012,0.6,False,2004-04-05 17:44:26
0.5414,0.05304752586125012,0.62,False,2004-04-06 10:20:46
0.5416000000000001,0.05326762619077369,0.62,False,2004-04-06 12:18:37
0.5418,0.05348607295362036,0.62,False,2004-04-06 12:39:23
0.5421,0.053754906752779316,0.62,False,2004-04-06 12:45:17
0.5425,0.05403471106612858,0.64,False,2004-04-06 13:37:29
0.5429999999999999,0.054470175325585284,0.64,False,2004-04-06 13:39:33
0.5435,0.054897632007218665,0.66,False,2004-04-06 14:01:44
0.5441,0.05550846782248633,0.66,False,2004-04-06 14:42:08
0.5447,0.05610623851230805,0.66,False,2004-04-06 15:16:25
0.5453,0.056691357366004204,0.66,False,2004-04-06 16:34:59
0.5459,0.057264212209721346,0.64,False,2004-04-06 17:09:10
0.5465000000000001,0.05761727171604015,0.66,False,2004-04-06 17:13:01
0.5472,0.0581391434405427,0.66,False,2004-04-06 17:24:35
0.5478999999999999,0.058648017869319335,0.64,False,2004-04-06 17:27:38
0.5485,0.05897245119545227,0.64,False,2004-04-06 17:35:03
0.5490999999999999,0.05928903777259334,0.64,False,2004-04-06 17:45:43
0.5497,0.059597902647660336,0.62,False,2004-04-07 10:52:09
0.5502,0.05976587655175819,0.62,False,2004-04-07 11:43:07
0.5507,0.059929208237719946,0.62,False,2004-04-07 11:52:28
0.5512,0.060087935561142385,0.62,False,2004-04-07 12:31:12
0.5517,0.06024209491709265,0.62,False,2004-04-07 12:55:47
0.5523,0.060321720797735866,0.62,False,2004-04-07 13:38:18
0.5529000000000001,0.06039528127262924,0.62,False,2004-04-07 14:26:33
0.5535,0.060462798479726354,0.62,False,2004-04-07 14:41:11
0.5541,0.060524292643532804,0.6,True,2004-04-07 15:07:31
0.5546,0.06048834598499118,0.6,True,2004-04-07 15:23:43
0.5551,0.06044824232349523,0.6,True,2004-04-07 15:29:43
0.5557,0.06029519052130111,0.6,True,2004-04-07 17:25:27
0.5562999999999999,0.060135763069907075,0.6,True,2004-04-07 17:51:20
0.5569,0.05996990912115841,0.58,True,2004-04-08 11:33:14
0.5573999999999999,0.059743116758334595,0.58,True,2004-04-08 11:38:42
0.5579999999999999,0.059363288318623315,0.58,True,2004-04-08 12:39:49
0.5586,0.058974909919388606,0.58,True,2004-04-08 12:59:47
0.5592,0.05857781149889436,0.58,True,2004-04-08 13:57:17
0.5598,0.05817181448089787,0.58,True,2004-04-08 14:25:07
0.5603,0.05791295191923824,0.58,True,2004-04-08 14:25:22
0.5609,0.05749078186979195,0.58,True,2004-04-08 14:38:52
0.5614,0.057219227537603126,0.58,True,2004-04-08 15:01:46
0.5619,0.05694198802289923,0.58,True,2004-04-08 15:20:45
0.5624,0.05665897987080247,0.56,True,2004-04-08 15:24:06
0.5628,0.05635743074342548,0.58,True,2004-04-08 16:18:25
0.5634,0.05589669042081114,0.6,True,2004-04-08 17:08:40
0.5640999999999999,0.0554724255824459,0.6,True,2004-04-08 17:42:22
0.5648,0.05503598822588725,0.6,True,2004-04-08 17:58:21
0.5655,0.05458708638496838,0.58,True,2004-04-08 18:15:34
0.5661,0.05408132764642525,0.58,True,2004-04-11 12:10:42
0.5667,0.0535640737808468,0.58,True,2004-04-11 12:34:37
0.5672999999999999,0.05303498845102165,0.6,True,2004-04-11 12:40:38
0.5681,0.052310515195321865,0.6,True,2004-04-11 12:41:34
0.5689,0.05156345605174269,0.6,True,2004-04-11 13:06:56
0.5695999999999999,0.051027835541006435,0.6,True,2004-04-11 13:24:29
0.5701999999999999,0.05067504316722384,0.6,True,2004-04-11 13:29:20
0.5708,0.05031262267065791,0.6,True,2004-04-11 13:44:59
0.5714,0.04994036443599505,0.6,True,2004-04-11 13:57:48
0.5720999999999999,0.049351697032624924,0.58,True,2004-04-11 14:47:28
0.5727,0.04871047115354151,0.58,True,2004-04-11 15:19:47
0.5733,0.048053199685348734,0.58,True,2004-04-11 16:56:39
0.5739,0.04737921485208466,0.58,True,2004-04-11 17:32:26
0.5744,0.04691097952505362,0.58,True,2004-04-11 17:47:14
0.5749,0.04643263938222767,0.58,True,2004-04-11 18:04:28
0.5752999999999999,0.04612927486965299,0.6,True,2004-04-11 18:24:51
0.5758,0.04585149943022583,0.6,True,2004-04-11 18:42:22
0.5762999999999999,0.04556654474502098,0.6,True,2004-04-11 18:46:47
0.5768,0.04527427525648532,0.6,True,2004-04-12 12:15:29
0.5772999999999999,0.044974548357932395,0.6,True,2004-04-12 12:29:48
0.5778,0.04466721392699572,0.6,True,2004-04-12 12:48:13
0.5783,0.04435211381659278,0.6,True,2004-04-12 13:27:26
0.5788,0.04402908129861443,0.6,True,2004-04-12 14:14:26
0.5792999999999999,0.043697940454900164,0.6,True,2004-04-12 14:59:50
0.5798,0.04335850550930001,0.58,True,2004-04-12 15:03:03
0.5803,0.042777447329171006,0.58,True,2004-04-12 15:03:36
0.5808,0.04218246081015189,0.6,True,2004-04-12 16:14:13
0.5814,0.04159374953042825,0.6,True,2004-04-12 16:23:41
0.582,0.040987803063838396,0.6,True,2004-04-12 16:26:41
0.5825,0.04059248698958958,0.6,True,2004-04-12 16:42:39
0.5831,0.0399548495179246,0.6,True,2004-04-12 17:10:42
0.5837,0.03929770985693695,0.6,True,2004-04-12 17:19:23
0.5842999999999999,0.03862007250122661,0.6,True,2004-04-12 18:54:06
0.5848,0.03817014540187134,0.62,True,2004-04-12 18:57:44
0.5853999999999999,0.03777353570954141,0.62,True,2004-04-13 12:37:48
0.586,0.03736308338453881,0.64,False,2004-04-13 12:46:39
0.5867,0.037055498917164774,0.64,False,2004-04-13 13:28:28
0.5873999999999999,0.036732002395731156,0.64,False,2004-04-13 13:56:14
0.5881,0.03639216948740484,0.64,False,2004-04-13 15:15:28
0.5888,0.036035538014576665,0.64,False,2004-04-13 15:16:04
0.5893999999999999,0.035883701035428324,0.64,False,2004-04-13 15:30:44
0.59,0.035721142198983494,0.64,False,2004-04-13 15:59:53
0.5906,0.03554771441316586,0.64,False,2004-04-13 16:10:10
0.5912,0.035363257768480545,0.64,False,2004-04-13 16:12:54
0.5916999999999999,0.035342750317427195,0.64,False,2004-04-13 18:04:31
0.5922,0.03531515255524178,0.62,True,2004-04-14 11:54:35
0.5924999999999999,0.03529518380742619,0.62,True,2004-04-14 12:10:43
0.5927999999999999,0.03527265229607777,0.62,True,2004-04-14 12:38:11
0.5931,0.0352475531065633,0.62,True,2004-04-14 12:44:48
0.5933999999999999,0.035219880749372226,0.62,True,2004-04-14 12:52:45
0.5936999999999999,0.03518962915405617,0.6,True,2004-04-14 12:53:51
0.5938999999999999,0.03511110935302387,0.6,True,2004-04-14 12:57:39
0.5941,0.035031271743971845,0.6,True,2004-04-14 13:00:18
0.5942999999999999,0.03495010729597264,0.58,True,2004-04-14 13:01:04
0.5942999999999999,0.03495010729597264,0.58,True,2004-04-14 14:03:06
0.5942999999999999,0.03495010729597264,0.56,True,2004-04-14 14:04:25
0.5941999999999998,0.03501942318200001,0.56,True,2004-04-14 14:25:27
0.594,0.03509985754956849,0.56,True,2004-04-14 14:54:16
0.5938,0.035178970991204386,0.54,False,2004-04-14 16:32:56
0.5934999999999999,0.03538007914066898,0.54,False,2004-04-14 16:40:41
0.5930999999999998,0.03553012806056291,0.54,False,2004-04-14 17:20:55
0.5928,0.035723381698825774,0.52,False,2004-04-15 11:24:39
0.5923999999999999,0.03608656259606891,0.52,False,2004-04-15 11:53:26
0.5921,0.036436108463994886,0.52,False,2004-04-15 12:00:26
0.5917999999999999,0.03677988580732681,0.5,False,2004-04-15 12:04:23
0.5915,0.03727935085271738,0.52,False,2004-04-15 13:37:58
0.5912999999999999,0.03755409431739767,0.52,False,2004-04-15 13:38:04
0.5911,0.03782578485636484,0.52,False,2004-04-15 13:39:23
0.5908,0.03814918085621236,0.52,False,2004-04-15 13:41:01
0.5905,0.03846751876583672,0.52,False,2004-04-15 13:45:55
0.5902,0.03878092314527853,0.52,False,2004-04-15 13:47:23
0.5899,0.03908951266004732,0.54,False,2004-04-15 14:01:39
0.5897,0.039241687017762115,0.54,False,2004-04-15 14:52:58
0.5894999999999999,0.039392258122631155,0.54,False,2004-04-15 17:06:13
0.5892999999999999,0.03954124428998157,0.54,False,2004-04-15 17:33:07
0.5891,0.039688663368775724,0.54,False,2004-04-15 17:54:38
0.5888,0.039831645710414726,0.56,True,2004-04-15 17:56:01
0.5886,0.039875305641461856,0.58,True,2004-04-15 18:09:54
0.5886,0.039875305641461856,0.58,True,2004-04-15 18:11:00
0.5886,0.039875305641461856,0.58,True,2004-04-15 18:23:22
0.5886,0.039875305641461856,0.58,True,2004-04-15 18:27:02
0.5886,0.039875305641461856,0.58,True,2004-04-15 18:38:51
0.5886,0.039875305641461856,0.58,True,2004-04-15 18:49:29
0.5886,0.039875305641461856,0.56,True,2004-04-18 11:13:12
0.5884999999999999,0.03992179855667828,0.56,True,2004-04-18 12:31:51
0.5883999999999999,0.03996798718974975,0.56,True,2004-04-18 12:56:31
0.5882999999999999,0.04001387259438906,0.56,True,2004-04-18 13:05:45
0.5881000000000001,0.0400548374107298,0.56,True,2004-04-18 14:12:56
0.5878,0.040039480516110594,0.56,True,2004-04-18 14:34:44
0.5875,0.04002186902182355,0.56,True,2004-04-18 14:47:05
0.5871999999999999,0.0400019999500025,0.54,False,2004-04-18 16:43:57
0.5867,0.03996385867255563,0.56,True,2004-04-18 16:45:48
0.5862999999999999,0.039828507378509674,0.56,True,2004-04-18 17:11:39
0.586,0.03979949748426479,0.56,True,2004-04-18 17:46:48
0.5857,0.03976820337908163,0.56,True,2004-04-18 17:49:16
0.5853,0.03962208979849498,0.56,True,2004-04-19 11:59:53
0.5849,0.039471382038129846,0.54,False,2004-04-19 12:47:51
0.5844,0.0394035531392792,0.54,False,2004-04-19 12:51:10
0.5839,0.03932925120060131,0.54,False,2004-04-19 12:51:59
0.5834,0.039248439459423086,0.54,False,2004-04-19 13:04:30
0.583,0.039281038682804706,0.54,False,2004-04-19 13:36:32
0.5827,0.039379055346719524,0.54,False,2004-04-19 13:47:09
0.5824,0.03947454876246212,0.54,False,2004-04-19 14:06:44
0.5821,0.03956753719907267,0.54,False,2004-04-19 14:37:59
0.5818,0.039658038277252186,0.52,False,2004-04-19 14:50:15
0.5814,0.03987530564146185,0.54,False,2004-04-19 15:06:40
0.5811,0.03995985485459124,0.54,False,2004-04-19 15:23:02
0.5808,0.040041977973122145,0.54,False,2004-04-19 15:51:23
0.5805,0.04012168989461934,0.54,False,2004-04-19 16:57:22
0.5802,0.040199004962809703,0.54,False,2004-04-19 18:53:26
0.5799,0.040273936981626214,0.54,True,2004-04-20 11:02:29
0.5795,0.040270957276926,0.54,True,2004-04-20 11:09:32
0.5791000000000001,0.04026400377508425,0.54,True,2004-04-20 11:31:38
0.5788,0.04033063351845591,0.54,True,2004-04-20 12:29:31
0.5785,0.04039492542386976,0.52,False,2004-04-20 12:42:53
0.578,0.04049691346263316,0.52,False,2004-04-20 12:52:58
0.5775,0.04059248698958958,0.52,False,2004-04-20 14:16:36
0.5771000000000001,0.040762605412313864,0.5,False,2004-04-20 14:35:29
0.5766,0.04109063153566758,0.52,False,2004-04-20 15:12:00
0.5761999999999999,0.04124996969695856,0.52,False,2004-04-20 15:16:26
0.5759000000000001,0.04143899130046482,0.54,True,2004-04-20 15:41:55
0.5757000000000001,0.04151517794734835,0.52,False,2004-04-20 15:42:50
0.5754,0.04169940047530658,0.52,False,2004-04-20 16:09:18
0.5751,0.04188066379607658,0.5,False,2004-04-20 17:26:06
0.5747000000000001,0.042212675821369096,0.5,False,2004-04-20 17:27:35
0.5744,0.04252810835200643,0.5,False,2004-04-20 18:18:28
0.5741,0.04283911763797195,0.48,False,2004-04-20 18:20:58
0.5737,0.04333947392389528,0.48,False,2004-04-20 18:32:08
0.5734,0.04377716299624724,0.48,False,2004-04-20 18:38:42
0.5732,0.04411076966002746,0.48,False,2004-04-20 18:42:24
0.5731,0.04429887131745006,0.48,False,2004-04-21 11:28:17
0.573,0.04448595283907044,0.48,False,2004-04-21 11:30:33
0.5729000000000001,0.04467202704153908,0.5,False,2004-04-21 14:33:09
0.5729,0.04467202704153909,0.5,False,2004-04-21 14:41:10
0.5729,0.04467202704153909,0.52,False,2004-04-21 14:45:49
0.573,0.04453088815642463,0.5,False,2004-04-21 14:46:53
0.573,0.04453088815642463,0.5,False,2004-04-21 14:49:12
0.5730000000000001,0.04453088815642463,0.5,False,2004-04-21 15:58:40
0.573,0.04453088815642463,0.52,False,2004-04-21 16:27:55
0.5731,0.04438907523253891,0.52,False,2004-04-21 16:32:56
0.5731,0.04438907523253891,0.52,False,2004-04-21 16:45:11
0.5731,0.04438907523253891,0.52,False,2004-04-21 16:53:57
0.5731,0.04438907523253891,0.5,False,2004-04-21 17:29:47
0.5729,0.04462723383764671,0.5,False,2004-04-21 18:22:21
0.5727,0.04486323661975358,0.5,False,2004-04-22 11:03:29
0.5725,0.04509711742450951,0.5,False,2004-04-22 11:29:32
0.5723,0.04532890909783732,0.52,False,2004-04-22 11:46:06
0.5722,0.045422021091096325,0.52,False,2004-04-22 11:51:54
0.5720000000000001,0.04556314299957806,0.54,True,2004-04-22 12:00:28
0.5718,0.04561534829418712,0.52,False,2004-04-22 12:58:28
0.5714999999999999,0.04575751304430781,0.52,False,2004-04-22 13:08:38
0.5710999999999999,0.045856188241065125,0.52,False,2004-04-22 13:12:48
0.5707,0.04595116973483917,0.52,False,2004-04-22 13:46:12
0.5702999999999999,0.04604248038496622,0.52,False,2004-04-22 14:38:37
0.5699,0.04613014198980965,0.52,False,2004-04-22 14:41:01
0.5694999999999999,0.046214175314507125,0.52,False,2004-04-22 15:00:28
0.569,0.04620606020859168,0.52,False,2004-04-22 15:31:44
0.5684999999999999,0.04619253186392795,0.52,False,2004-04-22 16:35:36
0.568,0.04617358552246078,0.52,False,2004-04-22 17:11:12
0.5675,0.04614921451119184,0.54,True,2004-04-22 17:51:35
0.567,0.045902069670113996,0.52,False,2004-04-25 11:53:23
0.5664,0.045727890832619855,0.52,False,2004-04-25 12:26:36
0.5657,0.045359783950102754,0.52,False,2004-04-25 12:30:27
0.565,0.04497777228809803,0.52,False,2004-04-25 12:38:25
0.5642999999999999,0.044581498404607255,0.52,True,2004-04-25 12:58:21
0.5636,0.04417057844312206,0.52,True,2004-04-25 14:11:04
0.563,0.04394314508543965,0.52,True,2004-04-25 14:17:42
0.5622999999999999,0.04350528703502597,0.52,True,2004-04-25 14:22:09
0.5616,0.043051596950635866,0.52,True,2004-04-25 14:34:17
0.5609999999999999,0.04279018579066933,0.52,True,2004-04-25 14:57:49
0.5603999999999999,0.04251870176757516,0.52,True,2004-04-25 16:58:25
0.5597999999999999,0.042236950647507675,0.52,True,2004-04-25 17:01:59
0.5592999999999999,0.042113062106667085,0.52,True,2004-04-25 17:12:36
0.5587999999999999,0.041982853642886155,0.52,True,2004-04-25 17:37:01
0.5583,0.04184626626116121,0.54,True,2004-04-25 18:01:04
0.5579,0.041636402342181286,0.56,True,2004-04-25 18:12:14
0.5575999999999999,0.04140338150441337,0.56,True,2004-04-25 18:29:55
0.5572999999999999,0.04116685560010625,0.56,True,2004-04-25 18:31:18
0.5569999999999999,0.04092676385936224,0.56,True,2004-04-25 18:44:44
0.5567,0.040683043150678874,0.56,True,2004-04-26 12:40:50
0.5564999999999999,0.04056784440908833,0.56,True,2004-04-26 13:00:23
0.5562999999999999,0.04045132877916372,0.56,True,2004-04-26 13:14:11
0.5561,0.04033348484820025,0.58,True,2004-04-26 13:56:43
0.5559999999999999,0.040249223594996206,0.58,True,2004-04-26 14:24:52
0.5559,0.040164536596355736,0.6,False,2004-04-26 15:40:27
0.5559999999999999,0.040249223594996206,0.6,False,2004-04-26 15:41:05
0.5561,0.04033348484820025,0.6,False,2004-04-26 15:44:27
0.5561999999999999,0.04041732301872551,0.6,False,2004-04-26 16:45:01
0.5562999999999999,0.04050074073396682,0.58,True,2004-04-26 17:36:21
0.5562999999999999,0.04050074073396682,0.58,True,2004-04-26 17:55:13
0.5562999999999999,0.04050074073396682,0.58,True,2004-04-26 17:56:13
0.5562999999999999,0.04050074073396682,0.58,True,2004-04-26 18:31:35
0.5562999999999999,0.04050074073396682,0.58,True,2004-04-26 18:46:49
0.5562999999999999,0.04050074073396682,0.58,True,2004-04-27 11:03:08
0.5562999999999999,0.04050074073396682,0.58,True,2004-04-27 11:21:11
0.5564,0.040534429809730876,0.58,True,2004-04-27 11:30:37
0.5564,0.040534429809730876,0.6,False,2004-04-27 11:40:03
0.5564,0.040534429809730876,0.6,False,2004-04-27 11:55:11
0.5564,0.040534429809730876,0.58,True,2004-04-27 13:23:52
0.5562999999999999,0.04045132877916372,0.58,True,2004-04-27 13:30:43
0.5563,0.04045132877916372,0.58,True,2004-04-27 14:19:42
0.5563,0.04045132877916372,0.58,True,2004-04-27 14:39:18
0.5563000000000001,0.04045132877916372,0.56,True,2004-04-27 14:40:42
0.5561,0.04033348484820025,0.58,True,2004-04-27 15:34:39
0.556,0.040249223594996206,0.58,True,2004-04-27 16:52:52
0.5559000000000001,0.04016453659635573,0.58,True,2004-04-27 17:22:20
0.5558000000000001,0.04007942115350469,0.58,True,2004-04-27 17:56:34
0.5557000000000001,0.03999387453098286,0.58,True,2004-04-28 11:31:59
0.5556,0.039907893955958125,0.58,True,2004-04-28 11:47:49
0.5555,0.039821476617523846,0.6,False,2004-04-28 11:54:23
0.5556,0.039907893955958125,0.6,False,2004-04-28 12:24:58
0.5557000000000001,0.03999387453098286,0.6,False,2004-04-28 13:10:02
0.5558,0.040079421153504685,0.6,False,2004-04-28 13:14:25
0.5559000000000001,0.04016453659635573,0.6,False,2004-04-28 13:21:09
0.556,0.0402492235949962,0.6,False,2004-04-28 13:22:38
0.5561,0.04033348484820025,0.6,False,2004-04-28 14:00:11
0.5561,0.04033348484820025,0.62,False,2004-04-28 14:51:01
0.5562,0.040466776496281484,0.62,False,2004-04-28 14:57:52
0.5563000000000001,0.04059938423178361,0.62,False,2004-04-28 16:14:54
0.5564,0.04073131473448898,0.6,False,2004-04-28 17:46:35
0.5564,0.04073131473448898,0.6,False,2004-04-28 17:57:20
0.5564,0.04073131473448898,0.6,False,2004-04-28 17:59:23
0.5564,0.04073131473448898,0.6,False,2004-04-28 18:31:50
0.5564,0.04073131473448898,0.6,False,2004-04-29 11:01:46
0.5564,0.04073131473448898,0.6,False,2004-04-29 11:02:13
0.5565,0.04081360067428503,0.6,False,2004-04-29 11:17:38
0.5566,0.040895476522471275,0.6,False,2004-04-29 11:30:10
0.5566,0.040895476522471275,0.6,False,2004-04-29 11:37:50
0.5566,0.040895476522471275,0.6,False,2004-04-29 12:29:07
0.5566,0.040895476522471275,0.6,False,2004-04-29 12:53:05
0.5566,0.040895476522471275,0.6,False,2004-04-29 13:29:07
0.5566,0.040895476522471275,0.6,False,2004-04-29 14:09:05
0.5566,0.040895476522471275,0.6,False,2004-04-29 14:10:26
0.5566,0.040895476522471275,0.6,False,2004-04-29 14:57:42
0.5565,0.04076456794815811,0.6,False,2004-04-29 15:53:43
0.5564,0.04063299152166869,0.58,True,2004-04-29 18:30:38
,,,True,2004-04-29 18:31:38
